24
3
400 400 400 
40 40 40 
3
800 400 400 
40 40 40 
3
400 400 400 
40 40 40 
3
400 400 400 
40 40 40 
3
400 400 400 
40 40 40 
3
400 400 400 
40 40 40 
3
400 400 400 
40 40 40 
3
400 400 400 
40 40 40 
3
400 400 400 
40 40 40 
3
400 400 400 
40 40 40 
3
400 400 400 
40 40 40 
3
400 400 400 
40 40 40 
3
400 400 400 
40 40 40 
3
400 400 400 
40 40 40 
3
400 400 400 
40 40 40 
3
400 400 400 
40 40 40 
3
400 400 400 
40 40 40 
3
400 400 400 
40 40 40 
3
400 400 400 
40 40 40 
3
400 400 400 
40 40 40 
3
400 400 400 
40 40 40 
3
8000 7900 700 
600 140 40 
3
900 600 100 
80 60 30 
3
400 400 400 
40 40 40 
